359855100313869
359855100313380
359855100313190
359855100313588
359855100313091
359855100313323
359855100313273
359855100313406
359855100313570
359855100313646
359855100313711
359855100313620
359855100313851
359855100313331
359855100313273
359855100313273
359855100313828
359855100313752
359855100313877
359855100313786
359855100313166
359855100313794
359855100313273
359855100313984
359855100313224
359855100313695
359855100313588
359855100313158
359855100313430
359855100313745
359855100313240
359855100313687
359855100313828
359855100313919
359855100313596
359855100313471
359855100313927
359855100313208
359855100313000
359855100313117
359855100313232
359855100313174
359855100313059
359855100313976
359855100313067
359855100313729
359855100313885
359855100313042
359855100313737
359855100313513
